Use standard autorouting edits for new kmp,
but edit these as follows for oneways:

Group 39 likes to glitch out and combine all of these points into a giant blob! So manual separation as shown here

$GROUP G39
 $ONEWAY: PREV

 173     5543.391     100.000   -9226.645   10.000       0      0  FSJ
 174     7463.391     244.000   -8458.645   10.000       0      0  FSJ #  2072.911   -4.76
 175     8999.391     388.000   -7690.645   10.000       0      0  FSJ #  1723.327   26.57
 176     9191.391     424.000   -7690.645   10.000       0      0  FSJ #   195.346   -9.46
 177    10343.391     532.000   -7498.645   10.000       0      0  FSJ #  1172.873    9.46
 178    11183.391     580.000   -7498.645   10.000       0      0  FSJ #   841.370    0.00
 179    13727.391     580.000   -7498.645   10.000       0      0  FSJ #  2544.000    0.00
 180    13799.391     664.000   -7498.645   10.000       0      0  FSJ #   110.635    0.00
 181    19559.391     664.000   -7498.645   10.000       0      0  FSJ #  5760.000   26.57
 182    21479.338     100.000   -8458.722   10.000       0      0  FSJ #  2219.469  165.77
 
 $GROUP G40
  
 183     9191.391     100.000   -5770.645   10.000       0      0  FSJ # 12578.530  167.66
 184    10151.391     100.000   -5770.645   10.000       0      0  FSJ #   960.000   43.38
 
 $GROUP G41
 $ONEWAY: PREV
 
 185    27623.391     136.000  -22282.645   10.000       0      0  FSJ # 24039.930   91.62
 186    26855.391     172.000  -23050.645   10.000       0      0  FSJ #  1086.712   23.20
 187    25895.391     244.000  -23434.645   10.000       0      0  FSJ #  1036.455   -4.76
 188    23975.391     424.000  -24394.645   10.000       0      0  FSJ #  2154.159   26.57
 189    23783.391     460.000  -24394.645   10.000       0      0  FSJ #   195.346    0.00
 190    23015.391     532.000  -24394.645   10.000       0      0  FSJ #   771.368    0.00
 191    22175.391     580.000  -24394.645   10.000       0      0  FSJ #   841.370    0.00
 192    19631.391     580.000  -24394.645   10.000       0      0  FSJ #  2544.000    0.00
 193    19559.391     664.000  -24394.645   10.000       0      0  FSJ #   110.635    0.00
 194    13799.391     664.000  -24394.645   10.000       0      0  FSJ #  5760.000   26.57
 195    11879.391     100.066  -23434.645   10.000       0      0  FSJ #  2219.464  165.03
 
 $GROUP G42
 
 196    24359.391     100.000  -25994.645   10.000       0      0  FSJ # 12739.859  152.15
 197    23783.391     100.000  -26162.645   10.000       0      0  FSJ #   600.000   16.26
 198    23207.391     100.000  -26162.645   10.000       0      0  FSJ #   576.000   21.82
 
 $GROUP G43
 
 199    18791.391     100.000  -24394.645   10.000       0      0  FSJ #  4756.772  -21.82
 200    14567.391     100.000  -24394.645   10.000       0      0  FSJ #  4224.000
